0.012300
0.012701
0.012249
0.010527
0.009641
0.010090
0.012060
0.011499
0.012272
0.010306
0.008910
0.009954
0.010911
0.011541
0.010937
0.011917
0.010929
0.009625
0.009271
0.009895
0.009445
0.009591
0.010335
0.009362
0.007860
0.008983
0.008624
0.007008
0.006293
0.006263
0.005800
0.005317
0.003818
0.007017
0.010686
0.013432
0.015347
0.015324
0.013148
0.012953
0.012168
0.012895
0.016110
0.016234
0.014879
0.011969
0.010402
0.012340
0.014252
0.015855
0.015926
0.014424
0.011847
0.011406
0.012419
0.014290
0.014596
0.013985
0.012378
0.011940
0.011458
0.011481
0.011514
0.012393
