-2.283325
-2.323829
-2.464612
0.844514
0.843044
-2.327789
-2.314687
-2.194695
0.801384
0.735009
0.832118
-2.314852
-2.224098
-2.380969
-2.437628
0.782540
-2.509820
-2.388625
0.642090
0.720201
0.705562
-2.730314
-2.514872
-2.686899
0.642528
0.769915
0.471554
0.646043
-2.733261
0.634706
0.560414
-2.414591
-2.285491
-1.832403
1.277900
1.250103
-2.157545
0.974038
0.931935
1.168927
1.166827
-1.887810
-2.008920
-2.227757
0.944735
0.918110
1.099018
-2.103791
-1.949116
1.169136
-2.216576
-2.342968
-2.207157
-2.111452
1.121003
1.009603
1.022468
-2.259669
-2.415881
-2.349908
0.995170
0.905590
-2.308812
-2.222749
