447969600000000.000000
219874500000000.000000
1278037799999999.750000
444747600000000.062500
503251200000000.000000
825401700000000.000000
153167400000000.000000
8270100000000.000977
406124100000000.062500
7205459400000000.000000
128834099999999.984375
9591772499999998.000000
476503200000000.000000
6397005600000001.000000
2203199999999999.750000
2126254500000000.250000
1642817699999999.750000
367029000000000.000000
2928961800000000.000000
487062899999999.937500
132290100000000.015625
830196900000000.000000
3179110499999999.500000
5056391699999999.000000
1931950799999999.750000
4736592899999999.000000
1388153699999999.750000
300335400000000.000000
313668000000000.062500
1681779600000000.000000
670926600000000.000000
59357699999999.992188
225616500000000.031250
623218499999999.875000
928845000000000.000000
109944900000000.015625
2780369999999999.500000
353812499999999.937500
2412526500000000.000000
5678835300000001.000000
201500100000000.000000
994381199999999.875000
1036350900000000.000000
849810600000000.000000
2269448100000000.000000
433149300000000.000000
421546500000000.000000
111946500000000.000000
17748900000000.003906
1254373200000000.250000
1109457000000000.000000
162261000000000.031250
86193000000000.015625
86886900000000.015625
649245600000000.000000
721062900000000.000000
736842600000000.125000
1873256399999999.750000
631009799999999.875000
38428200000000.000000
50829299999999.992188
1196536500000000.000000
471157199999999.937500
384538499999999.937500
20524500000000.003906
272363400000000.031250
33866100000000.003906
462695400000000.062500
1565874000000000.250000
1940177700000000.250000
55120500000000.000000
1221186600000000.250000
456697800000000.000000
40047299999999.992188
236997000000000.000000
1138827600000000.250000
9680400000000.000000
1383796800000000.000000
60613200000000.000000
2904405300000000.000000
122224500000000.015625
1255725000000000.250000
651280500000000.000000
435136499999999.937500
92308500000000.000000
241064100000000.000000
11989800000000.001953
39942900000000.000000
219028500000000.000000
466276500000000.000000
242864100000000.000000
362385000000000.062500
634422600000000.125000
416651400000000.000000
18513000000000.000000
1638584999999999.750000
126520200000000.000000
47118600000000.000000
614340000000000.125000
458819999999999.937500
219194099999999.968750
646250400000000.125000
399906000000000.062500
1636654500000000.250000
1160301599999999.750000
888412500000000.000000
107151300000000.015625
3853692900000000.000000
662135399999999.875000
408013199999999.937500
530068499999999.937500
492402600000000.062500
419475600000000.000000
305044200000000.062500
2782314000000000.000000
281279700000000.000000
1060085699999999.875000
445187699999999.937500
1314180000000000.250000
520010099999999.937500
211644900000000.000000
774072899999999.875000
690393599999999.875000
263825999999999.968750
1231042499999999.750000
398488500000000.062500
1769908500000000.000000
113541300000000.000000
1724116499999999.750000
71356499999999.984375
597414600000000.000000
708322500000000.000000
2537169300000000.000000
1783286100000000.250000
180577800000000.000000
137812500000000.015625
1463822100000000.250000
757779300000000.125000
450432899999999.937500
2303115300000000.500000
75204899999999.984375
1397128499999999.750000
310156200000000.000000
3623392800000000.500000
2574144000000000.000000
911736900000000.125000
2106112500000000.250000
3050183700000000.000000
1069531200000000.000000
118029600000000.015625
1056514500000000.000000
342864000000000.000000
618131700000000.000000
854843400000000.000000
189954899999999.968750
215039699999999.968750
352967400000000.062500
380164499999999.937500
91636200000000.000000
35032499999999.996094
9792000000000.000000
1858465800000000.000000
248487300000000.000000
1955171700000000.000000
365025600000000.000000
1430442000000000.000000
2618577000000000.500000
2412476100000000.000000
1919722499999999.750000
314877600000000.000000
1186826400000000.000000
284389200000000.062500
294844500000000.000000
107223300000000.015625
976576500000000.000000
391341600000000.000000
589249799999999.875000
5015068200000001.000000
744840000000000.000000
795377700000000.000000
1042560000000000.125000
219078900000000.000000
676030500000000.125000
2460978000000000.000000
147096899999999.968750
753670800000000.000000
404656200000000.000000
1136196000000000.000000
96080400000000.000000
2727058500000000.000000
3738964499999999.500000
1919063699999999.750000
740404800000000.125000
784888200000000.000000
1127092500000000.000000
1012982400000000.000000
1065150900000000.125000
1011262500000000.000000
328605299999999.937500
1426393799999999.750000
851512500000000.000000
314629200000000.000000
620598600000000.000000
1511345700000000.250000
249783300000000.000000
1969056900000000.250000
1023642000000000.125000
3105225000000000.000000
495426600000000.062500
1816448399999999.750000
1448649000000000.000000
2568028500000000.500000
575188200000000.000000
859860000000000.125000
166499999999.999969
1104401700000000.125000
426933000000000.062500
83924999999999.984375
195934500000000.031250
299801700000000.000000
54994500000000.000000
1797164999999999.750000
385532100000000.062500
655240500000000.000000
1301789700000000.000000
352782900000000.062500
1734647400000000.000000
2533421700000000.000000
909676800000000.125000
158841000000000.000000
295610400000000.000000
973773000000000.000000
843988500000000.000000
407163600000000.062500
1372403699999999.750000
1505020500000000.250000
2103454800000000.000000
220432500000000.000000
117635400000000.000000
394641000000000.000000
2130322500000000.000000
768848399999999.875000
566939700000000.125000
53505000000000.000000
581949000000000.000000
1186146000000000.250000
97338600000000.000000
548382599999999.937500
838761300000000.125000
436353299999999.937500
954944999999999.875000
165090599999999.968750
441011699999999.937500
634021200000000.000000
1389142799999999.750000
1140165000000000.000000
99893700000000.000000
1699318800000000.250000
578557800000000.000000
2725139700000000.500000
23998500000000.003906
2422357200000000.500000
1368936000000000.250000
2689168500000000.000000
1901355299999999.750000
485051400000000.062500
82502100000000.015625
224684999999999.968750
870286499999999.875000
618777000000000.000000
931048200000000.000000
17586000000000.001953
1271700000000.000000
2247660900000000.000000
923991300000000.000000
1027592100000000.000000
387094500000000.000000
1319882399999999.750000
564279299999999.875000
904626000000000.000000
756425700000000.000000
87905699999999.984375
2933025300000000.500000
946645200000000.000000
1555984799999999.750000
1280250000000000.000000
278123400000000.031250
614507400000000.125000
1501031700000000.000000
1006060500000000.000000
62087400000000.000000
31180500000000.003906
1118536200000000.000000
619726500000000.000000
312359399999999.937500
1349396100000000.250000
124902900000000.000000
5575415400000000.000000
405061199999999.937500
767031300000000.125000
578250900000000.000000
242064000000000.031250
645156000000000.000000
404064900000000.000000
202026600000000.000000
139329000000000.000000
1388506500000000.000000
489949200000000.062500
152338500000000.000000
667290599999999.875000
35397616499999996.000000
1247368500000000.250000
841306500000000.000000
348963300000000.000000
1810970100000000.000000
61625700000000.000000
194315400000000.000000
660118500000000.000000
355151700000000.000000
249200100000000.000000
374008500000000.000000
4857100200000000.000000
62835300000000.000000
8381910600000000.000000
626241600000000.000000
3920894100000000.500000
1182420000000000.250000
3004209000000000.500000
1685759400000000.250000
177300000000.000000
1650392999999999.750000
167936399999999.968750
62240400000000.007812
2445178500000000.000000
15700792500000000.000000
13576842899999998.000000
8859813300000000.000000
975573000000000.000000
381896999999999.937500
604341000000000.000000
706653000000000.000000
248426100000000.000000
291105000000000.062500
710201700000000.000000
691355700000000.000000
86077800000000.000000
81350100000000.015625
1211339700000000.000000
438498000000000.062500
4798310399999999.000000
7470706500000000.000000
2308544100000000.000000
67391999999999.992188
125140500000000.000000
1604205000000000.250000
1518814800000000.000000
1277260200000000.250000
1333379700000000.000000
1022849999999999.875000
3962362500000000.000000
3931041600000000.500000
262728000000000.031250
30257999999999.996094
94442400000000.000000
743389200000000.125000
2145600000000.000244
1795936500000000.250000
90205199999999.984375
434412900000000.000000
855839700000000.000000
750492900000000.000000
148588200000000.000000
262480500000000.000000
6878860200000000.000000
128431811700000000.000000
5820440400000001.000000
3321000000000.000000
351652500000000.062500
188310600000000.031250
1095704999999999.875000
583420499999999.875000
818687700000000.000000
197123400000000.031250
1577265300000000.000000
1852589700000000.000000
4691369700000000.000000
98888400000000.000000
1046484000000000.125000
2210061600000000.000000
10010710800000002.000000
591938099999999.875000
1433637000000000.250000
128834099999999.984375
609897600000000.125000
3300063299999999.500000
601396200000000.000000
851127300000000.000000
3956591700000000.000000
16517956500000000.000000
12651016499999998.000000
8325162000000001.000000
699987599999999.875000
245236500000000.000000
417628800000000.000000
674122500000000.000000
395764200000000.000000
337381200000000.000000
580622399999999.875000
700964999999999.875000
47488500000000.000000
23692500000000.000000
1056479399999999.875000
278565300000000.031250
4253184900000000.500000
8057589300000000.000000
2299407300000000.000000
4173300000000.000000
82451700000000.000000
1573161300000000.250000
1619453700000000.000000
1378189799999999.750000
1147372200000000.000000
1043518500000000.000000
4020635700000000.000000
3837978900000000.000000
334918800000000.000000
12010500000000.000000
44997300000000.000000
762383700000000.000000
1631700000000.000000
1807190100000000.250000
44353800000000.000000
383649299999999.937500
947638800000000.000000
1024262099999999.875000
161037000000000.000000
255060900000000.031250
6690560400000000.000000
130922482500000000.000000
5892085800000000.000000
29987999999999.996094
344060100000000.000000
182350800000000.000000
1079122500000000.000000
822417299999999.875000
1196053199999999.750000
137291399999999.984375
1771065000000000.000000
1154286900000000.250000
3869414100000000.500000
6426900000000.000000
618582600000000.125000
1553310900000000.000000
10502280000000002.000000
269504099999999.968750
2288308500000000.000000
713974500000000.125000
90249300000000.015625
3419381700000000.000000
24640200000000.000000
94608000000000.000000
968818500000000.000000
2134264499999999.750000
3368344500000000.000000
2027984399999999.750000
2897410499999999.500000
376848000000000.062500
704739600000000.000000
116000999999999.984375
1479546900000000.000000
1072960200000000.000000
748462499999999.875000
343245599999999.937500
726336900000000.125000
403348500000000.000000
525572100000000.000000
1660443300000000.000000
1238198400000000.000000
4124390399999999.500000
4876431300000000.000000
665051400000000.125000
27377999999999.996094
67396500000000.000000
307468800000000.000000
202288500000000.000000
661140000000000.000000
677250900000000.125000
931900500000000.000000
35684999999999.992188
686697300000000.000000
312682500000000.062500
240765300000000.031250
184761000000000.000000
153766799999999.968750
1526242500000000.000000
611841600000000.125000
137002500000000.015625
99472499999999.984375
61178400000000.000000
45447299999999.992188
869733000000000.000000
564345000000000.000000
363024000000000.000000
102608999999999.984375
522249300000000.000000
566140500000000.000000
728553600000000.000000
951069600000000.000000
41475600000000.000000
536464799999999.937500
449907300000000.062500
1446830099999999.750000
131400000000000.000000
573973200000000.000000
267401700000000.000000
285725699999999.937500
596062800000000.000000
502020000000000.062500
782993700000000.125000
903465000000000.000000
480119400000000.000000
535554000000000.000000
193162499999999.968750
342796500000000.000000
22662899999999.996094
154952100000000.000000
1516672800000000.000000
389665800000000.062500
170529299999999.968750
348992100000000.000000
176357699999999.968750
56858400000000.000000
149817600000000.000000
751216500000000.000000
130314599999999.984375
416854800000000.062500
743000400000000.125000
314129700000000.062500
564777000000000.000000
89716499999999.984375
223762500000000.000000
454573800000000.000000
50949000000000.007812
162522899999999.968750
1135515600000000.000000
566416800000000.000000
159892200000000.031250
707687999999999.875000
246011400000000.031250
45512100000000.000000
505829699999999.937500
714140100000000.000000
14361300000000.001953
453287699999999.937500
122159700000000.015625
718115399999999.875000
805162500000000.000000
384257700000000.000000
346176900000000.000000
751456800000000.125000
31072500000000.003906
192543300000000.000000
97596900000000.000000
293883300000000.000000
53082900000000.000000
273154499999999.968750
254903399999999.968750
764752500000000.000000
151633800000000.000000
36854100000000.007812
94018500000000.015625
342431999999999.937500
184683599999999.968750
419070599999999.937500
1228093200000000.000000
442566900000000.000000
171969299999999.968750
140192999999999.984375
93918600000000.000000
102820500000000.000000
1067286599999999.875000
583888500000000.000000
307274400000000.000000
79056000000000.000000
599480099999999.875000
450040499999999.937500
843347700000000.125000
908306100000000.000000
56315700000000.000000
444878100000000.062500
293135400000000.000000
1452774600000000.250000
142779600000000.000000
536234400000000.000000
192738600000000.000000
244012500000000.031250
520445700000000.000000
672498900000000.125000
766178100000000.125000
761004900000000.000000
433523699999999.937500
490048199999999.937500
135017999999999.984375
380651399999999.937500
1592100000000.000000
195503400000000.000000
1214518500000000.000000
154412100000000.000000
187864200000000.031250
1116742500000000.125000
330136199999999.937500
77985000000000.000000
80024400000000.000000
519357600000000.062500
12921299999999.998047
71500500000000.000000
242158500000000.031250
334645200000000.062500
962504999999999.875000
289570499999999.937500
453572099999999.937500
814424400000000.000000
567809999999999.875000
282877200000000.062500
366026399999999.937500
1361334599999999.750000
63303300000000.000000
662061599999999.875000
243851399999999.968750
110459700000000.000000
331453800000000.062500
217348200000000.000000
773500500000000.000000
30997800000000.003906
28169999999999.996094
328659300000000.000000
37379700000000.000000
189652500000000.031250
134882100000000.000000
2779367400000000.000000
1078626599999999.875000
2258489700000000.000000
264906000000000.031250
767967300000000.125000
896256000000000.000000
388996199999999.937500
136195200000000.000000
1019178000000000.125000
579810600000000.000000
205036200000000.000000
1648178100000000.250000
777874499999999.875000
5836499999999.999023
3574817999999999.500000
2055503699999999.750000
328032900000000.000000
109746900000000.015625
198468000000000.000000
215842499999999.968750
3552686100000000.000000
3002692500000000.500000
69884999999999.992188
628837200000000.000000
1641776400000000.000000
1657040400000000.000000
402453000000000.000000
459227699999999.937500
979928099999999.875000
1339678800000000.250000
2562354000000000.000000
3342993300000000.000000
603234900000000.000000
851749199999999.875000
3764685600000000.500000
51012000000000.000000
756066600000000.000000
1386225000000000.000000
676952999999999.875000
3111754500000000.000000
811318500000000.125000
659218499999999.875000
1188320400000000.000000
882090000000000.000000
1986696000000000.250000
4966222499999999.000000
1228155299999999.750000
60343200000000.000000
146603700000000.000000
4847399999999.999023
515622599999999.937500
2202754500000000.000000
725577300000000.000000
241600500000000.000000
494685000000000.000000
1055898000000000.000000
1253852099999999.750000
1035561600000000.125000
2197845000000000.000000
611586000000000.000000
77486399999999.984375
9483300000000.000000
905409000000000.000000
568742400000000.000000
336057300000000.062500
40331700000000.000000
183039300000000.031250
70388100000000.015625
488622599999999.937500
1341382499999999.750000
1879499700000000.000000
18606600000000.000000
1285891200000000.000000
549094500000000.000000
18148500000000.000000
143972999999999.968750
1214915400000000.000000
2250000000000.000000
1314378900000000.000000
56822400000000.000000
2777955299999999.500000
142517700000000.000000
1264365000000000.000000
791629199999999.875000
402412499999999.937500
127692900000000.015625
98382599999999.984375
7614899999999.999023
35892000000000.000000
160384500000000.000000
659349000000000.000000
213678900000000.031250
352886399999999.937500
523584000000000.000000
439178400000000.062500
6569999999999.999023
1637648999999999.750000
130450500000000.000000
13943699999999.998047
593922600000000.000000
341518500000000.000000
189095400000000.031250
548158499999999.937500
333713700000000.000000
1656677700000000.000000
1364331600000000.250000
873000000000000.000000
157580999999999.968750
3870126899999999.500000
817736400000000.000000
636560999999999.875000
552580199999999.937500
623830500000000.000000
460081799999999.937500
355312799999999.937500
2769444899999999.500000
314814600000000.062500
1003875300000000.000000
474235199999999.937500
1544387399999999.750000
601758900000000.000000
190400400000000.031250
802744199999999.875000
443675700000000.000000
281492100000000.000000
1633162499999999.750000
399305700000000.062500
1698884100000000.250000
158634899999999.968750
2148800400000000.250000
26766899999999.996094
621281699999999.875000
796472999999999.875000
2622402899999999.500000
1423800900000000.000000
114712200000000.000000
126637200000000.015625
1507914000000000.250000
726633000000000.000000
344070899999999.937500
2643214499999999.500000
68228099999999.992188
1362888900000000.000000
263133000000000.000000
4002675300000000.500000
2275092000000000.000000
1001982599999999.875000
2385858600000000.000000
2615400000000000.000000
1050293699999999.875000
157698900000000.000000
1274249700000000.250000
371782800000000.000000
612765000000000.125000
632974500000000.125000
171267299999999.968750
111664800000000.015625
339876900000000.000000
368735400000000.000000
156213000000000.000000
47297699999999.992188
14022899999999.998047
1915154099999999.750000
307348200000000.000000
2224888200000000.000000
431496000000000.000000
1453481999999999.750000
2912418000000000.500000
2246908500000000.000000
1644244199999999.750000
366934500000000.000000
1124893800000000.000000
331672500000000.000000
376748999999999.937500
169232399999999.968750
1073758500000000.000000
532131300000000.000000
529001999999999.937500
5160971700000000.000000
834495300000000.125000
613591200000000.000000
1193242500000000.000000
220653000000000.031250
802895400000000.125000
2482071300000000.000000
192143700000000.000000
718920000000000.125000
402772500000000.000000
1205827200000000.000000
93286800000000.015625
2445019200000000.000000
3817873800000000.000000
2015349299999999.750000
839614500000000.000000
726520500000000.000000
1058314500000000.000000
1072765800000000.000000
1211717700000000.000000
841688999999999.875000
346067999999999.937500
1158728400000000.250000
1115557200000000.000000
363269700000000.062500
616742100000000.000000
1818498600000000.250000
271689300000000.000000
2093602499999999.750000
911492100000000.125000
3130232399999999.500000
485777700000000.062500
1758672899999999.750000
1708107299999999.750000
2694896100000000.000000
468148500000000.000000
727582500000000.000000
3076200000000.000000
1073296799999999.875000
474921000000000.000000
58393800000000.000000
153981000000000.000000
185861700000000.031250
127876499999999.984375
1606595400000000.000000
391401000000000.000000
620212499999999.875000
1310659200000000.000000
332619300000000.062500
1602637199999999.750000
2418157800000000.000000
876650400000000.000000
61074000000000.000000
256792499999999.968750
1123348500000000.000000
789143400000000.000000
375847200000000.062500
1309365000000000.250000
1373739299999999.750000
1973321999999999.750000
388484999999999.937500
109722600000000.015625
393714900000000.000000
2057058899999999.750000
1019883600000000.000000
535977000000000.062500
108752400000000.015625
644602500000000.000000
1062882000000000.000000
48420000000000.000000
411099300000000.062500
699336900000000.125000
320771700000000.000000
984184199999999.875000
112936499999999.984375
274306500000000.031250
553811400000000.000000
1230496200000000.000000
1040480999999999.875000
185072399999999.968750
1346422499999999.750000
559818899999999.937500
2744288100000000.000000
21645000000000.003906
1900210499999999.750000
1275353999999999.750000
2225354400000000.000000
1902162600000000.000000
501409800000000.062500
53413200000000.000000
145394100000000.031250
702641700000000.000000
597042000000000.000000
742616100000000.000000
59126399999999.992188
7675200000000.000000
2085912899999999.750000
1001393999999999.875000
844013700000000.125000
335250000000000.000000
962109000000000.000000
556366500000000.000000
1050244200000000.000000
723438899999999.875000
64182600000000.007812
2669652899999999.500000
830133000000000.000000
1600712100000000.000000
1290827699999999.750000
306238500000000.000000
558766800000000.062500
1250774100000000.000000
1045862100000000.000000
69336900000000.000000
38967300000000.007812
1104581700000000.125000
677572200000000.000000
356098499999999.937500
1105791300000000.000000
168287400000000.031250
5560535700000001.000000
331391700000000.000000
834438600000000.000000
378190800000000.000000
256557600000000.000000
531987300000000.062500
401346900000000.062500
177844500000000.000000
149483700000000.000000
1358238600000000.000000
511065000000000.062500
203246100000000.031250
547964100000000.062500
36273088800000000.000000
1317734100000000.000000
850101300000000.000000
358636499999999.937500
1430296199999999.750000
68473800000000.007812
149778000000000.000000
842789699999999.875000
361448100000000.062500
288821699999999.937500
311501700000000.000000
5313614400000000.000000
85936499999999.984375
8526244499999999.000000
851796900000000.000000
4007254500000000.000000
1090941300000000.000000
2677262400000000.000000
1800763200000000.250000
21969000000000.000000
1727572500000000.000000
153982800000000.000000
65169000000000.000000
2710725300000000.000000
16125480899999998.000000
13707383400000000.000000
9540864000000000.000000
889989300000000.000000
340511400000000.000000
533618100000000.000000
495680399999999.937500
279810899999999.968750
225684000000000.000000
739285200000000.000000
696064500000000.000000
71806499999999.984375
60394499999999.992188
1017023399999999.875000
327906000000000.000000
4618664099999999.000000
8158566599999999.000000
2110400099999999.750000
22108500000000.000000
116217000000000.000000
1406163600000000.000000
1548160200000000.250000
1172500200000000.250000
1290982499999999.750000
802426500000000.000000
4096765800000000.000000
3687282000000000.000000
223715700000000.000000
74513699999999.984375
63118800000000.007812
780459300000000.125000
865800000000.000000
1875600000000000.000000
21676500000000.003906
459608400000000.062500
828688500000000.000000
1137042000000000.000000
180820800000000.031250
185879700000000.031250
6403677300000001.000000
131333156999999984.000000
6284942100000001.000000
5620499999999.999023
492430500000000.062500
126944100000000.000000
865120500000000.000000
516362400000000.062500
927731700000000.000000
33894900000000.003906
1300450500000000.000000
2019117600000000.000000
5302515600000001.000000
103101299999999.984375
946343700000000.000000
1937393999999999.750000
10057972500000000.000000
492008400000000.000000
1541866500000000.000000
125950500000000.015625
584094600000000.000000
3268430099999999.500000
594527399999999.875000
767192400000000.000000
3708382500000000.000000
17223466500000000.000000
12476735999999998.000000
8782100999999999.000000
712161000000000.125000
430438500000000.000000
637701300000000.000000
697511700000000.000000
333735299999999.937500
296212500000000.000000
598372200000000.000000
705556800000000.000000
44518500000000.007812
60282000000000.000000
999011700000000.000000
295982100000000.000000
4785286500000001.000000
8078850000000000.000000
2461994100000000.000000
22132800000000.000000
70682400000000.015625
1522170000000000.250000
1519151400000000.000000
1300041000000000.250000
1250601300000000.000000
786388499999999.875000
3973996799999999.500000
3656794500000000.500000
298080899999999.937500
25144200000000.000000
51453000000000.000000
745654499999999.875000
374400000000.000000
1658385000000000.250000
44986500000000.000000
428157000000000.000000
1049937300000000.000000
965494799999999.875000
135997200000000.000000
202230899999999.968750
6455766600000001.000000
130067558100000016.000000
5493690899999999.000000
15604200000000.000000
390230100000000.000000
168192000000000.000000
866384100000000.125000
656481600000000.125000
888484500000000.000000
130811400000000.015625
1685320200000000.000000
1449838800000000.250000
3790664100000000.000000
14746500000000.000000
539010900000000.062500
1570521600000000.250000
10689088500000002.000000
395423999999999.937500
2486826000000000.000000
518098499999999.937500
139415400000000.000000
3032050500000000.500000
28024200000000.003906
120056400000000.015625
856708200000000.125000
2454112799999999.500000
3084084900000000.500000
2073129299999999.750000
3376624499999999.500000
468030600000000.062500
781708500000000.000000
129960000000000.000000
1193155200000000.250000
829083600000000.000000
802285200000000.000000
461711700000000.000000
563241600000000.000000
473274000000000.062500
464055300000000.000000
1758082499999999.750000
1309752900000000.250000
4666251599999999.000000
4435604100000000.000000
472623299999999.937500
45993600000000.000000
67108499999999.992188
316498499999999.937500
118989000000000.015625
580871700000000.000000
649080900000000.000000
760413600000000.000000
35655300000000.000000
626908500000000.125000
391828499999999.937500
238079699999999.968750
203076900000000.031250
255644100000000.000000
1326651300000000.250000
556049700000000.000000
154259999999999.968750
106965000000000.015625
116145000000000.000000
129863700000000.015625
835864200000000.000000
459260100000000.000000
396881999999999.937500
159124500000000.000000
426359699999999.937500
546286500000000.000000
829444500000000.125000
978880499999999.875000
58553999999999.992188
475737299999999.937500
267037200000000.000000
1489234500000000.000000
132256799999999.984375
542042100000000.062500
248897700000000.000000
208485000000000.000000
632736000000000.000000
741824100000000.000000
757664999999999.875000
898362900000000.125000
476993699999999.937500
591470100000000.000000
223677000000000.000000
493492500000000.000000
1070099999999.999878
171521999999999.968750
1392138900000000.250000
239462099999999.968750
74682000000000.015625
317260799999999.937500
242937000000000.000000
13468499999999.998047
218193300000000.000000
756483299999999.875000
79643700000000.015625
391796100000000.000000
801936000000000.125000
310336200000000.000000
476361000000000.000000
164736900000000.031250
397657800000000.062500
329040000000000.062500
24444899999999.996094
166853700000000.000000
842273999999999.875000
450230400000000.062500
272862900000000.031250
728842499999999.875000
220971600000000.000000
33437700000000.000000
469845000000000.000000
758826000000000.000000
42343200000000.007812
519028199999999.937500
176120100000000.000000
615916800000000.000000
828965700000000.125000
320994000000000.000000
432994500000000.000000
706026600000000.000000
21503700000000.000000
181192500000000.000000
54144900000000.000000
383049000000000.000000
36738000000000.000000
285405300000000.000000
415889999999999.937500
621765000000000.000000
57088800000000.007812
37852200000000.000000
64002600000000.007812
438538500000000.000000
175179599999999.968750
452924100000000.000000
1249899300000000.000000
517785300000000.062500
166972499999999.968750
61949700000000.000000
105664500000000.000000
35860500000000.000000
1048983300000000.000000
579802500000000.125000
319281300000000.062500
75514499999999.984375
486702899999999.937500
581697000000000.000000
748290599999999.875000
1184577299999999.750000
41581800000000.007812
544003199999999.937500
380578500000000.062500
1438722900000000.000000
183136500000000.000000
514692000000000.000000
332525700000000.000000
189079200000000.000000
551844899999999.937500
599566499999999.875000
708957000000000.000000
930945599999999.875000
522904500000000.000000
436928400000000.062500
148828500000000.000000
333864000000000.000000
9260099999999.998047
170960400000000.000000
1363438800000000.000000
123880499999999.984375
148060800000000.000000
944205299999999.875000
324825300000000.000000
85281300000000.000000
67108499999999.992188
651355200000000.125000
19211400000000.000000
124871399999999.984375
227433600000000.000000
389492100000000.000000
1223594100000000.000000
436274100000000.000000
512331300000000.000000
876230100000000.000000
460951200000000.000000
231473700000000.000000
450982800000000.000000
1312603199999999.750000
103778100000000.000000
621292500000000.000000
225810000000000.000000
156862800000000.031250
345981600000000.000000
179946000000000.000000
696501000000000.000000
31907700000000.003906
30338099999999.996094
361938600000000.062500
54620100000000.000000
251543700000000.031250
209924100000000.000000
3481927199999999.500000
1033024500000000.000000
2202664499999999.750000
299110500000000.000000
693045000000000.000000
775917000000000.000000
382986000000000.000000
101124000000000.000000
899007300000000.000000
785819700000000.000000
221606100000000.000000
1938827700000000.000000
684613800000000.000000
15178499999999.998047
4049424000000000.500000
1725964199999999.750000
298829700000000.000000
170536500000000.031250
235732500000000.031250
290142900000000.000000
3601394100000000.000000
2891650500000000.000000
129024900000000.000000
761255999999999.875000
1819485000000000.000000
1846601999999999.750000
390532500000000.062500
488898000000000.062500
898640100000000.000000
1418310900000000.250000
2594291400000000.500000
3391547400000000.000000
423407699999999.937500
707210100000000.000000
3637214100000000.000000
65941200000000.007812
845411400000000.000000
1463631299999999.750000
821632500000000.000000
3082378499999999.500000
1024641000000000.000000
704960099999999.875000
1245824100000000.000000
833498100000000.000000
1972001700000000.250000
5077629000000000.000000
1200478499999999.750000
1300500000000.000000
122746499999999.984375
9659700000000.000000
567867600000000.000000
2205213300000000.250000
848557800000000.000000
290737799999999.937500
453292200000000.062500
1050803999999999.875000
945359999999999.875000
766077300000000.125000
2231165700000000.000000
492430500000000.062500
64362600000000.000000
23567400000000.003906
858219300000000.000000
467152199999999.937500
496132200000000.062500
15502499999999.998047
224313300000000.000000
56812500000000.000000
409617000000000.062500
1504271699999999.750000
2037834000000000.000000
25661700000000.003906
1270322100000000.000000
407466000000000.062500
47927700000000.000000
171688500000000.000000
1119298500000000.000000
12186000000000.000000
1044189000000000.000000
110884500000000.000000
3033032400000000.000000
103667400000000.000000
1337941799999999.750000
724170600000000.000000
461398500000000.000000
91412100000000.015625
201564899999999.968750
2313000000000.000488
66564000000000.000000
111718799999999.984375
505617300000000.000000
181945800000000.000000
369887400000000.062500
684900000000000.000000
435002399999999.937500
4500000000000.000977
1599551999999999.750000
182500199999999.968750
44208900000000.000000
649592100000000.000000
511678800000000.000000
213218100000000.031250
473776200000000.062500
302083200000000.000000
1658182500000000.250000
1259889300000000.000000
778424400000000.000000
185013000000000.000000
3653960400000000.500000
625731300000000.000000
514944900000000.000000
734994000000000.000000
468098100000000.062500
444273299999999.937500
286924500000000.000000
2719570500000000.500000
249006600000000.000000
1168852500000000.250000
450882899999999.937500
1518863399999999.750000
564352200000000.000000
217915200000000.031250
804374100000000.125000
475142399999999.937500
210064499999999.968750
1466294399999999.750000
506678400000000.062500
1709942400000000.000000
119260800000000.000000
1838422800000000.250000
62601299999999.992188
773197199999999.875000
692280900000000.000000
2649825000000000.000000
1482203700000000.250000
55319400000000.007812
134216100000000.000000
1704421799999999.750000
875657699999999.875000
456556500000000.000000
2481297300000000.000000
31018500000000.000000
1362132000000000.250000
351878399999999.937500
3288312899999999.500000
2539859400000000.000000
836928000000000.000000
2534109300000000.000000
2928621600000000.000000
873349200000000.000000
101205000000000.015625
1098954900000000.000000
417004199999999.937500
585102600000000.000000
977062499999999.875000
251908200000000.000000
198904500000000.000000
211702500000000.000000
380045700000000.000000
74092500000000.000000
13833000000000.001953
25308900000000.000000
1689142500000000.250000
326658599999999.937500
1755281700000000.000000
417947400000000.062500
1583080200000000.250000
2507306400000000.000000
2403392400000000.500000
1647822599999999.750000
286308899999999.937500
1205548199999999.750000
307089000000000.062500
293163299999999.937500
163872900000000.000000
906777000000000.125000
559304999999999.937500
501855299999999.937500
5653931399999999.000000
844995599999999.875000
806598899999999.875000
1219342500000000.000000
252419400000000.000000
615784500000000.000000
2446218000000000.000000
332260199999999.937500
759996900000000.125000
375732899999999.937500
940392000000000.000000
161417700000000.000000
2511598500000000.000000
4060953000000000.000000
2011053600000000.000000
817100099999999.875000
547691400000000.000000
1069290900000000.000000
1114806599999999.875000
1215801000000000.000000
739240200000000.000000
395637300000000.062500
1604536200000000.250000
993004199999999.875000
309572100000000.062500
644451300000000.000000
1638580500000000.250000
333318600000000.000000
1888230600000000.250000
1018347300000000.125000
2753756100000000.500000
489457799999999.937500
1712380500000000.250000
1325070900000000.000000
2219841000000000.250000
637769700000000.000000
795355200000000.000000
21025799999999.996094
1052622900000000.000000
471896100000000.062500
156654900000000.000000
64120500000000.000000
281132999999999.968750
26382600000000.003906
1738552499999999.750000
378022500000000.000000
824847299999999.875000
1367557200000000.000000
353816999999999.937500
1770632100000000.000000
2494314000000000.000000
845867700000000.000000
78560100000000.015625
386752500000000.000000
1020859199999999.875000
1039150800000000.000000
383350500000000.000000
1339650000000000.000000
1481548500000000.000000
1860497999999999.750000
254708100000000.031250
128812500000000.015625
424440899999999.937500
1768666500000000.000000
931588199999999.875000
589429800000000.000000
44483400000000.007812
544400100000000.062500
1268865000000000.250000
48892500000000.007812
418504500000000.000000
939412800000000.125000
312431400000000.000000
997708500000000.125000
108844199999999.984375
378342900000000.000000
639782099999999.875000
1410052500000000.000000
1102617000000000.000000
154257300000000.000000
1662207299999999.750000
521999999999999.937500
2746898100000000.000000
37614600000000.000000
2075677199999999.750000
1374929999999999.750000
2274527700000000.000000
1745418600000000.000000
436192199999999.937500
58486500000000.000000
195290099999999.968750
793779299999999.875000
542188799999999.937500
837350100000000.000000
69480000000000.000000
5368500000000.000977
2095082100000000.250000
823608900000000.000000
881514900000000.000000
355516200000000.062500
1108809000000000.000000
471824999999999.937500
966525300000000.000000
829765799999999.875000
76241700000000.000000
2769156000000000.500000
773856899999999.875000
1623212100000000.000000
1410610500000000.000000
223639199999999.968750
503829000000000.062500
1400415299999999.750000
993376799999999.875000
114352199999999.984375
42999300000000.000000
1258703999999999.750000
757257299999999.875000
363114000000000.062500
1318365000000000.250000
108994500000000.015625
5534504100000000.000000
401228999999999.937500
684490500000000.000000
593114400000000.000000
291795300000000.000000
664365600000000.000000
424484100000000.000000
174023999999999.968750
135779399999999.984375
1060726500000000.000000
532412100000000.000000
112565700000000.000000
684224999999999.875000
36660190500000000.000000
1220962500000000.000000
939320999999999.875000
321444899999999.937500
1373890500000000.250000
85702500000000.015625
240762600000000.000000
663495300000000.000000
387647999999999.937500
135328499999999.984375
444489300000000.062500
4939635600000001.000000
24938100000000.000000
8415436499999999.000000
737986500000000.000000
4197561300000000.500000
1142100900000000.000000
2896016400000000.500000
1717740900000000.000000
18922500000000.000000
1645006500000000.000000
76989600000000.000000
43072200000000.000000
2711183400000000.000000
16348173300000000.000000
14522704199999998.000000
9009585000000000.000000
910289700000000.000000
472198500000000.062500
515747699999999.937500
551595600000000.062500
209661300000000.000000
388318499999999.937500
613192500000000.000000
873000000000000.000000
29312100000000.000000
49122000000000.000000
1176669000000000.000000
424458000000000.062500
4806562500000000.000000
7781490899999999.000000
2115153000000000.000000
19198800000000.003906
100041300000000.000000
1568708999999999.750000
1499062500000000.250000
1162067399999999.750000
1280603700000000.000000
973322100000000.000000
4096765800000000.000000
3766936500000000.000000
236963700000000.000000
36796500000000.000000
66189600000000.000000
838944899999999.875000
3070800000000.000000
1484877600000000.000000
23437800000000.000000
527609700000000.000000
978164100000000.000000
952588800000000.125000
211770000000000.000000
249546600000000.000000
6837784200000001.000000
129533897700000000.000000
5377072500000000.000000
11096100000000.000000
434831399999999.937500
108295199999999.984375
879603300000000.000000
433700100000000.062500
1067332499999999.875000
53585999999999.992188
1617754500000000.000000
1734092099999999.750000
4996631699999999.000000
85828500000000.000000
1033108200000000.000000
1911311999999999.750000
10407702600000000.000000
422230500000000.062500
1840940100000000.000000
101837700000000.000000
583596900000000.000000
3528684900000000.000000
628317000000000.000000
683816400000000.000000
4116744900000000.000000
16743933000000000.000000
12464122500000002.000000
8629914600000001.000000
593518500000000.000000
396982800000000.062500
545296500000000.000000
679792500000000.000000
386601300000000.062500
291661200000000.062500
583794899999999.875000
706270500000000.000000
82947600000000.000000
45785700000000.000000
1181537999999999.750000
348304499999999.937500
4893265800000000.000000
7840817999999999.000000
2571592500000000.000000
22338000000000.003906
51714900000000.007812
1440275400000000.000000
1544055300000000.250000
1509822900000000.000000
1132799400000000.250000
886919400000000.000000
3898558799999999.500000
3683152799999999.500000
246957300000000.031250
72940500000000.000000
83916900000000.000000
796212000000000.000000
6765300000000.000000
1605942900000000.000000
21790800000000.000000
531507599999999.937500
988012800000000.000000
1131174900000000.250000
129867300000000.015625
206626500000000.000000
7112067300000001.000000
129124404899999984.000000
5508976500000001.000000
16874099999999.998047
257473799999999.968750
211996800000000.000000
1094764500000000.000000
736722900000000.000000
865060200000000.000000
153369000000000.000000
1702966500000000.000000
1285582500000000.000000
3936654900000000.000000
4972500000000.000000
612742500000000.000000
1662640200000000.250000
10425603600000002.000000
331330500000000.062500
2188634400000000.000000
673955999999999.875000
44116200000000.000000
3150608400000000.000000
7949700000000.000000
73758600000000.015625
792844200000000.125000
2263302900000000.000000
3336106500000000.000000
1880136000000000.000000
2979882900000000.000000
295384499999999.937500
776944800000000.000000
85545000000000.015625
1603976399999999.750000
974032200000000.000000
660118500000000.000000
367245000000000.062500
569380500000000.125000
293494500000000.000000
517547700000000.000000
1860884999999999.750000
1160928900000000.000000
3926303999999999.500000
4546744200000001.000000
482601600000000.062500
12348900000000.000000
70273799999999.992188
281385000000000.000000
212253299999999.968750
616185000000000.000000
568737000000000.000000
839204999999999.875000
10083600000000.000000
591484500000000.000000
345364200000000.000000
288266400000000.000000
128903400000000.015625
139732200000000.000000
1295763299999999.750000
513491399999999.937500
158169600000000.000000
124209000000000.015625
28980900000000.000000
97379999999999.984375
1030972500000000.000000
474993000000000.000000
352772099999999.937500
47970000000000.000000
546952499999999.937500
561877200000000.062500
789337800000000.125000
1039954500000000.000000
49725000000000.007812
448506000000000.000000
362060100000000.000000
1607397299999999.750000
210825000000000.031250
496650600000000.062500
257199300000000.000000
323201700000000.000000
575752499999999.875000
553144499999999.937500
776808000000000.125000
883216799999999.875000
436235400000000.000000
531047700000000.062500
155867400000000.000000
383677200000000.000000
54328500000000.007812
119934900000000.015625
1567305000000000.250000
307895400000000.000000
84839400000000.000000
339150600000000.062500
337252500000000.000000
54792000000000.007812
186898499999999.968750
701764200000000.000000
163700100000000.000000
482105700000000.000000
800856899999999.875000
289281600000000.000000
465484499999999.937500
150705000000000.031250
327204000000000.062500
570522600000000.125000
86336100000000.000000
220346100000000.000000
836215200000000.000000
572634000000000.000000
164034000000000.031250
768172500000000.000000
247453199999999.968750
83866500000000.000000
750817799999999.875000
674906400000000.000000
14400000000000.001953
548997300000000.062500
166321800000000.000000
679053600000000.000000
880251300000000.000000
378414900000000.062500
359385300000000.000000
684548099999999.875000
30165300000000.003906
167728500000000.000000
119290499999999.984375
298375200000000.062500
116003700000000.015625
393165000000000.000000
314159400000000.000000
1027153800000000.000000
167512499999999.968750
18871200000000.003906
41864400000000.000000
386046900000000.062500
167358600000000.000000
416016899999999.937500
1116665999999999.875000
430928999999999.937500
99028800000000.000000
230360400000000.000000
147484800000000.000000
107423999999999.984375
808146899999999.875000
668470500000000.000000
250852500000000.031250
73125000000000.000000
519912900000000.000000
316786500000000.062500
661025700000000.000000
1061727300000000.000000
21021299999999.996094
446101200000000.062500
338724000000000.062500
1977768000000000.250000
112828500000000.015625
435067200000000.062500
295568999999999.937500
336370500000000.000000
553881600000000.000000
566583299999999.875000
689066099999999.875000
816683400000000.000000
415916999999999.937500
465843600000000.062500
161644500000000.000000
474891299999999.937500
7510500000000.000000
74261700000000.015625
1350966600000000.000000
114323400000000.000000
229725000000000.000000
1082800800000000.000000
265428000000000.000000
45594000000000.007812
104728500000000.000000
551600100000000.000000
10789200000000.000000
105892199999999.984375
153555299999999.968750
364799700000000.000000
1157868899999999.750000
319206600000000.000000
438311700000000.062500
903263400000000.125000
481551300000000.062500
226750499999999.968750
461087999999999.937500
1316092500000000.000000
52308000000000.000000
589006799999999.875000
125651699999999.984375
157727700000000.031250
305719200000000.000000
188053200000000.000000
666990900000000.125000
61972200000000.000000
60985800000000.000000
390885299999999.937500
110772000000000.015625
190155600000000.031250
125585999999999.984375
2731626000000000.000000
899554500000000.000000
2283820200000000.000000
320142600000000.000000
750082500000000.125000
814559399999999.875000
334564200000000.000000
91264499999999.984375
743058000000000.000000
647355600000000.000000
251843400000000.000000
1592569800000000.250000
724401000000000.000000
4552200000000.000000
3615617700000000.000000
1854292499999999.750000
307544400000000.000000
201832200000000.000000
109773000000000.000000
253774799999999.968750
3105306000000000.500000
2590419600000000.500000
106640999999999.984375
556362899999999.937500
1838514600000000.250000
1694722500000000.250000
366570000000000.062500
531526500000000.062500
895616099999999.875000
1331972999999999.750000
2436019200000000.000000
3163194900000000.000000
479708100000000.062500
667246500000000.000000
3259252800000000.000000
34348499999999.996094
685072800000000.000000
1384358400000000.000000
624574800000000.000000
2957638500000000.000000
751468500000000.000000
685714500000000.125000
1044008100000000.125000
708740100000000.000000
2074889700000000.000000
4867971299999999.000000
1035220500000000.000000
78280199999999.984375
76528800000000.015625
1169999999999.999756
533110500000000.000000
1874931300000000.000000
792419399999999.875000
173629800000000.000000
344167200000000.000000
1409598900000000.000000
1851142500000000.250000
1092718800000000.000000
1914803999999999.750000
872409600000000.125000
39338100000000.000000
42880499999999.992188
1063480500000000.000000
243652500000000.000000
379469699999999.937500
18652500000000.000000
286797600000000.000000
187448400000000.000000
1230196500000000.000000
1877958899999999.750000
1091325600000000.125000
232806600000000.000000
412035300000000.062500
206302500000000.000000
238641300000000.000000
352627200000000.000000
124884000000000.015625
240863400000000.000000
491501699999999.937500
1602000000000.000000
472738499999999.937500
